Aizawa: 0.13489555530106362 
AnishchenkoAstakhov: 0.10107726791527546 
Arneodo: 0.23737468667051287 
ArnoldBeltramiChildress: 0.3667300080060703 
ArnoldWeb: 0.06514413995171335 
