Aizawa: 0.13489555530106362 
AnishchenkoAstakhov: 0.10107726791527546 
Arneodo: 0.23737468667051287 
ArnoldBeltramiChildress: 0.3667300080060703 
ArnoldWeb: 0.06514413995171335 
AtmosphericRegime: 0.010543274932274862 
BeerRNN: 0.038767800131815223 
BelousovZhabotinsky: 132.08766434104578 
BickleyJet: 3.0318672544949706e-06 
Blasius: 0.12597339364128174 
BlinkingRotlet: 2.120338159738003
HyperPang: 1.4465315511406867 
HyperQi: 12.787249321134263 
HyperRossler: 0.1718849632568779 
HyperWang: 1.2930140887300063 
HyperXu: 0.9819830018599975 
HyperYan: 1.3945968455812914 
HyperYangChen: 0.42042732521941667 
IkedaDelay: 10.614256406561465 
IsothermalChemical: 0.450090505359164 
ItikBanksTumor: 0.03621509684991421 
JerkCircuit: 0.2922722771543928 
KawczynskiStrizhak: 0.0757060839542753 
Laser: 0.6080602180196161 
LidDrivenCavityFlow: 2.172601412109087 
ZhouChen: 0.6828000288089435 
YuWang2: 1.1576066800869989 
YuWang: 1.8525516537708415 
WindmiReduced: 0.403521000622694 
WangSun: 0.06735463002480017 
VossDelay: 0.32767116410725794 
VallisElNino: 0.5477586276153029 
TurchinHanski: 0.12906862565697674 
Tsucs2: 0.13621488344499086 
Torus: 0.00817284128815307 
ThomasLabyrinth: 1.390858033637042 
Thomas: 0.6324054000339867 
SwingingAtwood: 1.0111284961954359 
StickSlipOscillator: 0.06406131604734494 
SprottTorus: 0.1056964344650892 
SprottS: 0.2737629235389973 
SprottR: 0.09661415277799693 
SprottQ: 0.17169784338063596 
SprottP: 0.1064676723437159 
SprottO: 0.09141077854590315 
SprottN: 0.11869612209728901 
SprottMore: 1.0946909441433958 
SprottM: 0.08422043130700084 
SprottL: 0.09216197583296963 
SprottK: 0.05962593786799159 
SprottJerk: 0.08785190282162628 
SprottJ: 0.12290789099642041 
SprottI: 0.023218704376506836 
SprottH: 0.13100182470690253 
SprottG: 0.09067832253388744 
SprottF: 0.1183090101484132 
SprottE: 0.09016067590084897 
SprottDelay: 6.027845582332582 
SprottD: 0.10170941886932346 
SprottC: 0.15806924766944033 
SprottB: 0.20674275256006883 
SprottA: 0.012993052652429771 
ShimizuMorioka: 0.03577425334463406 
ScrollDelay: 1.0457570240712148 
SanUmSrisuchinwong: 0.2606135207962152 
SaltonSea: 1.0702552017260383 
Sakarya: 0.26501036485491514 